#bin	bin_low_keV	bin_center_keV	bin_high_keV	counts	error	polarization	polarization_error
1	-0.416738	-0.393844	-0.370949	0.000000	0.000000	0.000000	0.000000
2	-0.370949	-0.348055	-0.325161	0.000000	0.000000	0.000000	0.000000
3	-0.325161	-0.302267	-0.279373	0.000000	0.000000	0.000000	0.000000
4	-0.279373	-0.256479	-0.233585	0.000000	0.000000	0.000000	0.000000
5	-0.233585	-0.210691	-0.187797	0.000000	0.000000	0.000000	0.000000
6	-0.187797	-0.164903	-0.142009	0.000000	0.000000	0.000000	0.000000
7	-0.142009	-0.119115	-0.096221	0.000000	0.000000	0.000000	0.000000
8	-0.096221	-0.073327	-0.050432	0.000000	0.000000	0.000000	0.000000
9	-0.050432	-0.027538	-0.004644	0.000000	0.000000	0.000000	0.000000
10	-0.004644	0.018250	0.041144	0.000000	0.000000	0.000000	0.000000
11	0.041144	0.064038	0.086932	0.000000	0.000000	0.000000	0.000000
12	0.086932	0.109826	0.132720	0.000000	0.000000	0.000000	0.000000
13	0.132720	0.155614	0.178508	0.000000	0.000000	0.000000	0.000000
14	0.178508	0.201402	0.224296	0.000000	0.000000	0.000000	0.000000
15	0.224296	0.247190	0.270085	0.000000	0.000000	0.000000	0.000000
16	0.270085	0.292979	0.315873	0.000000	0.000000	0.000000	0.000000
17	0.315873	0.338767	0.361661	0.000000	0.000000	0.000000	0.000000
18	0.361661	0.384555	0.407449	0.000000	0.000000	0.000000	0.000000
19	0.407449	0.430343	0.453237	0.000000	0.000000	0.000000	0.000000
20	0.453237	0.476131	0.499025	0.000000	0.000000	0.000000	0.000000
21	0.499025	0.521919	0.544813	0.000000	0.000000	0.000000	0.000000
22	0.544813	0.567707	0.590601	0.000000	0.000000	0.000000	0.000000
23	0.590601	0.613496	0.636390	0.000000	0.000000	0.000000	0.000000
24	0.636390	0.659284	0.682178	0.000000	0.000000	0.000000	0.000000
25	0.682178	0.705072	0.727966	0.000000	0.000000	0.000000	0.000000
26	0.727966	0.750860	0.773754	0.000000	0.000000	0.000000	0.000000
27	0.773754	0.796648	0.819542	0.000000	0.000000	0.000000	0.000000
28	0.819542	0.842436	0.865330	0.000000	0.000000	0.000000	0.000000
29	0.865330	0.888224	0.911118	0.000000	0.000000	0.000000	0.000000
30	0.911118	0.934013	0.956907	0.000000	0.000000	0.000000	0.000000
31	0.956907	0.979801	1.002695	0.000000	0.000000	0.000000	0.000000
32	1.002695	1.025589	1.048483	0.000000	0.000000	0.000000	0.000000
33	1.048483	1.071377	1.094271	0.000000	0.000000	0.000000	0.000000
34	1.094271	1.117165	1.140059	0.000000	0.000000	0.000000	0.000000
35	1.140059	1.162953	1.185847	0.000000	0.000000	0.000000	0.000000
36	1.185847	1.208741	1.231635	0.000000	0.000000	0.000000	0.000000
37	1.231635	1.254530	1.277424	0.000000	0.000000	0.000000	0.000000
38	1.277424	1.300318	1.323212	0.000000	0.000000	0.000000	0.000000
39	1.323212	1.346106	1.369000	137.000000	11.704700	0.000000	0.000000
40	1.369000	1.391894	1.414788	161.000000	12.688578	0.000000	0.000000
41	1.414788	1.437682	1.460576	174.000000	13.190906	0.000000	0.000000
42	1.460576	1.483470	1.506364	128.000000	11.313708	0.000000	0.000000
43	1.506364	1.529258	1.552152	118.000000	10.862780	0.000000	0.000000
44	1.552152	1.575047	1.597941	149.000000	12.206556	0.000000	0.000000
45	1.597941	1.620835	1.643729	141.000000	11.874342	0.000000	0.000000
46	1.643729	1.666623	1.689517	132.000000	11.489125	0.000000	0.000000
47	1.689517	1.712411	1.735305	146.000000	12.083046	0.000000	0.000000
48	1.735305	1.758199	1.781093	150.000000	12.247449	0.000000	0.000000
49	1.781093	1.803987	1.826881	142.000000	11.916375	0.000000	0.000000
50	1.826881	1.849775	1.872669	140.000000	11.832160	0.000000	0.000000
51	1.872669	1.895564	1.918458	133.000000	11.532563	0.000000	0.000000
52	1.918458	1.941352	1.964246	135.000000	11.618950	0.000000	0.000000
53	1.964246	1.987140	2.010034	120.000000	10.954451	0.000000	0.000000
54	2.010034	2.032928	2.055822	118.000000	10.862780	0.000000	0.000000
55	2.055822	2.078716	2.101610	142.000000	11.916375	0.000000	0.000000
56	2.101610	2.124504	2.147398	111.000000	10.535654	0.000000	0.000000
57	2.147398	2.170292	2.193186	121.000000	11.000000	0.000000	0.000000
58	2.193186	2.216080	2.238975	133.000000	11.532563	0.000000	0.000000
59	2.238975	2.261869	2.284763	128.000000	11.313708	0.000000	0.000000
60	2.284763	2.307657	2.330551	133.000000	11.532563	0.000000	0.000000
61	2.330551	2.353445	2.376339	122.000000	11.045361	0.000000	0.000000
62	2.376339	2.399233	2.422127	140.000000	11.832160	0.000000	0.000000
63	2.422127	2.445021	2.467915	126.000000	11.224972	0.000000	0.000000
64	2.467915	2.490809	2.513703	121.000000	11.000000	0.000000	0.000000
65	2.513703	2.536597	2.559492	122.000000	11.045361	0.000000	0.000000
66	2.559492	2.582386	2.605280	126.000000	11.224972	0.000000	0.000000
67	2.605280	2.628174	2.651068	116.000000	10.770330	0.000000	0.000000
68	2.651068	2.673962	2.696856	126.000000	11.224972	0.000000	0.000000
69	2.696856	2.719750	2.742644	123.000000	11.090537	0.000000	0.000000
70	2.742644	2.765538	2.788432	106.000000	10.295630	0.000000	0.000000
71	2.788432	2.811326	2.834220	116.000000	10.770330	0.000000	0.000000
72	2.834220	2.857114	2.880009	106.000000	10.295630	0.000000	0.000000
73	2.880009	2.902903	2.925797	118.000000	10.862780	0.000000	0.000000
74	2.925797	2.948691	2.971585	117.000000	10.816654	0.000000	0.000000
75	2.971585	2.994479	3.017373	126.000000	11.224972	0.000000	0.000000
76	3.017373	3.040267	3.063161	98.000000	9.899495	0.000000	0.000000
77	3.063161	3.086055	3.108949	125.000000	11.180340	0.000000	0.000000
78	3.108949	3.131843	3.154737	106.000000	10.295630	0.000000	0.000000
79	3.154737	3.177631	3.200526	99.000000	9.949874	0.000000	0.000000
80	3.200526	3.223420	3.246314	112.000000	10.583005	0.000000	0.000000
81	3.246314	3.269208	3.292102	130.000000	11.401754	0.000000	0.000000
82	3.292102	3.314996	3.337890	97.000000	9.848858	0.000000	0.000000
83	3.337890	3.360784	3.383678	121.000000	11.000000	0.000000	0.000000
84	3.383678	3.406572	3.429466	110.000000	10.488088	0.000000	0.000000
85	3.429466	3.452360	3.475254	142.000000	11.916375	0.000000	0.000000
86	3.475254	3.498148	3.521043	123.000000	11.090537	0.000000	0.000000
87	3.521043	3.543937	3.566831	126.000000	11.224972	0.000000	0.000000
88	3.566831	3.589725	3.612619	157.000000	12.529964	0.000000	0.000000
89	3.612619	3.635513	3.658407	150.000000	12.247449	0.000000	0.000000
90	3.658407	3.681301	3.704195	169.000000	13.000000	0.000000	0.000000
91	3.704195	3.727089	3.749983	179.000000	13.379088	0.000000	0.000000
92	3.749983	3.772877	3.795771	189.000000	13.747727	0.000000	0.000000
93	3.795771	3.818665	3.841559	200.000000	14.142136	0.000000	0.000000
94	3.841559	3.864454	3.887348	202.000000	14.212670	0.000000	0.000000
95	3.887348	3.910242	3.933136	210.000000	14.491377	0.000000	0.000000
96	3.933136	3.956030	3.978924	210.000000	14.491377	0.000000	0.000000
97	3.978924	4.001818	4.024712	207.000000	14.387495	0.000000	0.000000
98	4.024712	4.047606	4.070500	175.000000	13.228757	0.000000	0.000000
99	4.070500	4.093394	4.116288	181.000000	13.453624	0.000000	0.000000
100	4.116288	4.139182	4.162076	197.000000	14.035669	0.000000	0.000000
101	4.162076	4.184971	4.207865	187.000000	13.674794	0.000000	0.000000
102	4.207865	4.230759	4.253653	183.000000	13.527749	0.000000	0.000000
103	4.253653	4.276547	4.299441	210.000000	14.491377	0.000000	0.000000
104	4.299441	4.322335	4.345229	189.000000	13.747727	0.000000	0.000000
105	4.345229	4.368123	4.391017	197.000000	14.035669	0.000000	0.000000
106	4.391017	4.413911	4.436805	134.000000	11.575837	0.000000	0.000000
107	4.436805	4.459699	4.482593	175.000000	13.228757	0.000000	0.000000
108	4.482593	4.505488	4.528382	180.000000	13.416408	0.000000	0.000000
109	4.528382	4.551276	4.574170	175.000000	13.228757	0.000000	0.000000
110	4.574170	4.597064	4.619958	169.000000	13.000000	0.000000	0.000000
111	4.619958	4.642852	4.665746	177.000000	13.304135	0.000000	0.000000
112	4.665746	4.688640	4.711534	161.000000	12.688578	0.000000	0.000000
113	4.711534	4.734428	4.757322	156.000000	12.489996	0.000000	0.000000
114	4.757322	4.780216	4.803110	174.000000	13.190906	0.000000	0.000000
115	4.803110	4.826005	4.848899	183.000000	13.527749	0.000000	0.000000
116	4.848899	4.871793	4.894687	159.000000	12.609520	0.000000	0.000000
117	4.894687	4.917581	4.940475	131.000000	11.445523	0.000000	0.000000
118	4.940475	4.963369	4.986263	171.000000	13.076697	0.000000	0.000000
119	4.986263	5.009157	5.032051	174.000000	13.190906	0.000000	0.000000
120	5.032051	5.054945	5.077839	157.000000	12.529964	0.000000	0.000000
121	5.077839	5.100733	5.123627	169.000000	13.000000	0.000000	0.000000
122	5.123627	5.146522	5.169416	154.000000	12.409674	0.000000	0.000000
123	5.169416	5.192310	5.215204	129.000000	11.357817	0.000000	0.000000
124	5.215204	5.238098	5.260992	137.000000	11.704700	0.000000	0.000000
125	5.260992	5.283886	5.306780	126.000000	11.224972	0.000000	0.000000
126	5.306780	5.329674	5.352568	152.000000	12.328828	0.000000	0.000000
127	5.352568	5.375462	5.398356	157.000000	12.529964	0.000000	0.000000
128	5.398356	5.421250	5.444144	153.000000	12.369317	0.000000	0.000000
129	5.444144	5.467038	5.489933	140.000000	11.832160	0.000000	0.000000
130	5.489933	5.512827	5.535721	131.000000	11.445523	0.000000	0.000000
131	5.535721	5.558615	5.581509	139.000000	11.789826	0.000000	0.000000
132	5.581509	5.604403	5.627297	139.000000	11.789826	0.000000	0.000000
133	5.627297	5.650191	5.673085	143.000000	11.958261	0.000000	0.000000
134	5.673085	5.695979	5.718873	136.000000	11.661904	0.000000	0.000000
135	5.718873	5.741767	5.764661	115.000000	10.723805	0.000000	0.000000
136	5.764661	5.787555	5.810450	133.000000	11.532563	0.000000	0.000000
137	5.810450	5.833344	5.856238	133.000000	11.532563	0.000000	0.000000
138	5.856238	5.879132	5.902026	108.000000	10.392305	0.000000	0.000000
139	5.902026	5.924920	5.947814	127.000000	11.269428	0.000000	0.000000
140	5.947814	5.970708	5.993602	141.000000	11.874342	0.000000	0.000000
141	5.993602	6.016496	6.039390	120.000000	10.954451	0.000000	0.000000
142	6.039390	6.062284	6.085178	118.000000	10.862780	0.000000	0.000000
143	6.085178	6.108072	6.130967	123.000000	11.090537	0.000000	0.000000
144	6.130967	6.153861	6.176755	110.000000	10.488088	0.000000	0.000000
145	6.176755	6.199649	6.222543	117.000000	10.816654	0.000000	0.000000
146	6.222543	6.245437	6.268331	128.000000	11.313708	0.000000	0.000000
147	6.268331	6.291225	6.314119	114.000000	10.677078	0.000000	0.000000
148	6.314119	6.337013	6.359907	117.000000	10.816654	0.000000	0.000000
149	6.359907	6.382801	6.405695	117.000000	10.816654	0.000000	0.000000
150	6.405695	6.428589	6.451484	127.000000	11.269428	0.000000	0.000000
151	6.451484	6.474378	6.497272	130.000000	11.401754	0.000000	0.000000
152	6.497272	6.520166	6.543060	122.000000	11.045361	0.000000	0.000000
153	6.543060	6.565954	6.588848	131.000000	11.445523	0.000000	0.000000
154	6.588848	6.611742	6.634636	113.000000	10.630146	0.000000	0.000000
155	6.634636	6.657530	6.680424	125.000000	11.180340	0.000000	0.000000
156	6.680424	6.703318	6.726212	127.000000	11.269428	0.000000	0.000000
157	6.726212	6.749106	6.772001	122.000000	11.045361	0.000000	0.000000
158	6.772001	6.794895	6.817789	137.000000	11.704700	0.000000	0.000000
159	6.817789	6.840683	6.863577	146.000000	12.083046	0.000000	0.000000
160	6.863577	6.886471	6.909365	138.000000	11.747340	0.000000	0.000000
161	6.909365	6.932259	6.955153	165.000000	12.845233	0.000000	0.000000
162	6.955153	6.978047	7.000941	167.000000	12.922848	0.745646	0.074565
163	7.000941	7.023835	7.046729	147.000000	12.124356	0.745646	0.074565
164	7.046729	7.069623	7.092517	188.000000	13.711309	0.745646	0.074565
165	7.092517	7.115412	7.138306	172.000000	13.114877	0.745646	0.074565
166	7.138306	7.161200	7.184094	169.000000	13.000000	0.745646	0.074565
167	7.184094	7.206988	7.229882	216.000000	14.696938	0.745646	0.074565
168	7.229882	7.252776	7.275670	224.000000	14.966630	0.745646	0.074565
169	7.275670	7.298564	7.321458	243.000000	15.588457	0.745646	0.074565
170	7.321458	7.344352	7.367246	236.000000	15.362291	0.745646	0.074565
171	7.367246	7.390140	7.413034	270.000000	16.431677	0.745646	0.074565
172	7.413034	7.435929	7.458823	310.000000	17.606817	0.745646	0.074565
173	7.458823	7.481717	7.504611	321.000000	17.916473	0.745646	0.074565
174	7.504611	7.527505	7.550399	352.000000	18.761663	0.745646	0.074565
175	7.550399	7.573293	7.596187	451.000000	21.236761	0.745646	0.074565
176	7.596187	7.619081	7.641975	518.000000	22.759613	0.745646	0.074565
177	7.641975	7.664869	7.687763	619.000000	24.879711	0.745646	0.074565
178	7.687763	7.710657	7.733551	800.000000	28.284271	0.745646	0.074565
179	7.733551	7.756446	7.779340	1133.000000	33.660065	0.745646	0.074565
180	7.779340	7.802234	7.825128	1507.000000	38.820098	0.745646	0.074565
181	7.825128	7.848022	7.870916	1918.000000	43.794977	0.745646	0.074565
182	7.870916	7.893810	7.916704	2403.000000	49.020404	0.745646	0.074565
183	7.916704	7.939598	7.962492	2954.000000	54.350713	0.745646	0.074565
184	7.962492	7.985386	8.008280	3313.000000	57.558666	0.745646	0.074565
185	8.008280	8.031174	8.054068	3596.000000	59.966657	0.745646	0.074565
186	8.054068	8.076963	8.099857	3787.000000	61.538606	0.745646	0.074565
187	8.099857	8.122751	8.145645	3709.000000	60.901560	0.745646	0.074565
188	8.145645	8.168539	8.191433	3574.000000	59.782941	0.745646	0.074565
189	8.191433	8.214327	8.237221	3378.000000	58.120564	0.745646	0.074565
190	8.237221	8.260115	8.283009	3281.000000	57.280014	0.745646	0.074565
191	8.283009	8.305903	8.328797	3499.000000	59.152346	0.745646	0.074565
192	8.328797	8.351691	8.374585	3994.000000	63.198101	0.745646	0.074565
193	8.374585	8.397480	8.420374	4933.000000	70.235319	0.745646	0.074565
194	8.420374	8.443268	8.466162	6263.000000	79.139118	0.745646	0.074565
195	8.466162	8.489056	8.511950	7975.000000	89.302855	0.745646	0.074565
196	8.511950	8.534844	8.557738	9839.000000	99.191734	0.745646	0.074565
197	8.557738	8.580632	8.603526	11585.000000	107.633638	0.745646	0.074565
198	8.603526	8.626420	8.649314	12880.000000	113.490088	0.745646	0.074565
199	8.649314	8.672208	8.695102	13533.000000	116.331423	0.745646	0.074565
200	8.695102	8.717996	8.740891	13582.000000	116.541838	0.745646	0.074565
201	8.740891	8.763785	8.786679	13368.000000	115.620067	0.745646	0.074565
202	8.786679	8.809573	8.832467	12115.000000	110.068161	0.745646	0.074565
203	8.832467	8.855361	8.878255	10682.000000	103.353761	0.745646	0.074565
204	8.878255	8.901149	8.924043	8991.000000	94.820884	0.745646	0.074565
205	8.924043	8.946937	8.969831	7176.000000	84.711274	0.745646	0.074565
206	8.969831	8.992725	9.015619	5552.000000	74.511744	0.745646	0.074565
207	9.015619	9.038513	9.061408	4101.000000	64.039051	0.745646	0.074565
208	9.061408	9.084302	9.107196	2910.000000	53.944416	0.745646	0.074565
209	9.107196	9.130090	9.152984	1996.000000	44.676616	0.745646	0.074565
210	9.152984	9.175878	9.198772	1357.000000	36.837481	0.745646	0.074565
211	9.198772	9.221666	9.244560	811.000000	28.478062	0.745646	0.074565
212	9.244560	9.267454	9.290348	508.000000	22.538855	0.745646	0.074565
213	9.290348	9.313242	9.336136	256.000000	16.000000	0.745646	0.074565
214	9.336136	9.359030	9.381925	164.000000	12.806248	0.745646	0.074565
215	9.381925	9.404819	9.427713	97.000000	9.848858	0.745646	0.074565
216	9.427713	9.450607	9.473501	49.000000	7.000000	0.745646	0.074565
217	9.473501	9.496395	9.519289	46.000000	6.782330	0.745646	0.074565
218	9.519289	9.542183	9.565077	33.000000	5.744563	0.745646	0.074565
219	9.565077	9.587971	9.610865	21.000000	4.582576	0.745646	0.074565
220	9.610865	9.633759	9.656653	25.000000	5.000000	0.745646	0.074565
221	9.656653	9.679547	9.702442	22.000000	4.690416	0.745646	0.074565
222	9.702442	9.725336	9.748230	13.000000	3.605551	0.745646	0.074565
223	9.748230	9.771124	9.794018	19.000000	4.358899	0.745646	0.074565
224	9.794018	9.816912	9.839806	20.000000	4.472136	0.745646	0.074565
225	9.839806	9.862700	9.885594	15.000000	3.872983	0.745646	0.074565
226	9.885594	9.908488	9.931382	16.000000	4.000000	0.745646	0.074565
227	9.931382	9.954276	9.977170	13.000000	3.605551	0.745646	0.074565
228	9.977170	10.000064	10.022959	19.000000	4.358899	0.745646	0.074565
229	10.022959	10.045853	10.068747	16.000000	4.000000	0.745646	0.074565
230	10.068747	10.091641	10.114535	12.000000	3.464102	0.745646	0.074565
231	10.114535	10.137429	10.160323	26.000000	5.099020	0.745646	0.074565
232	10.160323	10.183217	10.206111	19.000000	4.358899	0.745646	0.074565
233	10.206111	10.229005	10.251899	20.000000	4.472136	0.745646	0.074565
234	10.251899	10.274793	10.297687	22.000000	4.690416	0.745646	0.074565
235	10.297687	10.320581	10.343475	17.000000	4.123106	0.745646	0.074565
236	10.343475	10.366370	10.389264	20.000000	4.472136	0.745646	0.074565
237	10.389264	10.412158	10.435052	24.000000	4.898979	0.745646	0.074565
238	10.435052	10.457946	10.480840	18.000000	4.242641	0.000000	0.000000
239	10.480840	10.503734	10.526628	20.000000	4.472136	0.000000	0.000000
240	10.526628	10.549522	10.572416	19.000000	4.358899	0.000000	0.000000
241	10.572416	10.595310	10.618204	24.000000	4.898979	0.000000	0.000000
242	10.618204	10.641098	10.663992	29.000000	5.385165	0.000000	0.000000
243	10.663992	10.686887	10.709781	30.000000	5.477226	0.000000	0.000000
244	10.709781	10.732675	10.755569	29.000000	5.385165	0.000000	0.000000
245	10.755569	10.778463	10.801357	27.000000	5.196152	0.000000	0.000000
246	10.801357	10.824251	10.847145	29.000000	5.385165	0.000000	0.000000
247	10.847145	10.870039	10.892933	28.000000	5.291503	0.000000	0.000000
248	10.892933	10.915827	10.938721	27.000000	5.196152	0.000000	0.000000
249	10.938721	10.961615	10.984509	25.000000	5.000000	0.000000	0.000000
250	10.984509	11.007404	11.030298	34.000000	5.830952	0.000000	0.000000
251	11.030298	11.053192	11.076086	25.000000	5.000000	0.000000	0.000000
252	11.076086	11.098980	11.121874	33.000000	5.744563	0.000000	0.000000
253	11.121874	11.144768	11.167662	43.000000	6.557439	0.000000	0.000000
254	11.167662	11.190556	11.213450	31.000000	5.567764	0.000000	0.000000
255	11.213450	11.236344	11.259238	24.000000	4.898979	0.000000	0.000000
256	11.259238	11.282132	11.305026	34.000000	5.830952	0.000000	0.000000
257	11.305026	11.327921	11.350815	35.000000	5.916080	0.000000	0.000000
258	11.350815	11.373709	11.396603	40.000000	6.324555	0.000000	0.000000
259	11.396603	11.419497	11.442391	36.000000	6.000000	0.000000	0.000000
260	11.442391	11.465285	11.488179	41.000000	6.403124	0.000000	0.000000
261	11.488179	11.511073	11.533967	34.000000	5.830952	0.000000	0.000000
262	11.533967	11.556861	11.579755	38.000000	6.164414	0.000000	0.000000
263	11.579755	11.602649	11.625543	48.000000	6.928203	0.000000	0.000000
264	11.625543	11.648437	11.671332	40.000000	6.324555	0.000000	0.000000
265	11.671332	11.694226	11.717120	34.000000	5.830952	0.000000	0.000000
266	11.717120	11.740014	11.762908	42.000000	6.480741	0.000000	0.000000
267	11.762908	11.785802	11.808696	49.000000	7.000000	0.000000	0.000000
268	11.808696	11.831590	11.854484	66.000000	8.124038	0.000000	0.000000
269	11.854484	11.877378	11.900272	59.000000	7.681146	0.000000	0.000000
270	11.900272	11.923166	11.946060	62.000000	7.874008	0.000000	0.000000
271	11.946060	11.968954	11.991849	56.000000	7.483315	0.000000	0.000000
272	11.991849	12.014743	12.037637	73.000000	8.544004	0.000000	0.000000
273	12.037637	12.060531	12.083425	66.000000	8.124038	0.000000	0.000000
274	12.083425	12.106319	12.129213	70.000000	8.366600	0.000000	0.000000
275	12.129213	12.152107	12.175001	67.000000	8.185353	0.000000	0.000000
276	12.175001	12.197895	12.220789	106.000000	10.295630	0.000000	0.000000
277	12.220789	12.243683	12.266577	90.000000	9.486833	0.000000	0.000000
278	12.266577	12.289471	12.312366	102.000000	10.099505	0.000000	0.000000
279	12.312366	12.335260	12.358154	123.000000	11.090537	0.000000	0.000000
280	12.358154	12.381048	12.403942	137.000000	11.704700	0.000000	0.000000
281	12.403942	12.426836	12.449730	150.000000	12.247449	0.000000	0.000000
282	12.449730	12.472624	12.495518	176.000000	13.266499	0.000000	0.000000
283	12.495518	12.518412	12.541306	196.000000	14.000000	0.000000	0.000000
284	12.541306	12.564200	12.587094	198.000000	14.071247	0.000000	0.000000
285	12.587094	12.609988	12.632883	248.000000	15.748016	0.000000	0.000000
286	12.632883	12.655777	12.678671	289.000000	17.000000	0.000000	0.000000
287	12.678671	12.701565	12.724459	330.000000	18.165902	0.000000	0.000000
288	12.724459	12.747353	12.770247	345.000000	18.574176	0.000000	0.000000
289	12.770247	12.793141	12.816035	415.000000	20.371549	0.000000	0.000000
290	12.816035	12.838929	12.861823	429.000000	20.712315	0.000000	0.000000
291	12.861823	12.884717	12.907611	500.000000	22.360680	0.000000	0.000000
292	12.907611	12.930505	12.953400	505.000000	22.472205	0.000000	0.000000
293	12.953400	12.976294	12.999188	567.000000	23.811762	0.000000	0.000000
294	12.999188	13.022082	13.044976	573.000000	23.937418	0.000000	0.000000
295	13.044976	13.067870	13.090764	526.000000	22.934690	0.000000	0.000000
296	13.090764	13.113658	13.136552	507.000000	22.516660	0.000000	0.000000
297	13.136552	13.159446	13.182340	461.000000	21.470911	0.000000	0.000000
298	13.182340	13.205234	13.228128	410.000000	20.248457	0.000000	0.000000
299	13.228128	13.251022	13.273916	350.000000	18.708287	0.000000	0.000000
300	13.273916	13.296811	13.319705	280.000000	16.733201	0.000000	0.000000
301	13.319705	13.342599	13.365493	249.000000	15.779734	0.000000	0.000000
302	13.365493	13.388387	13.411281	195.000000	13.964240	0.000000	0.000000
303	13.411281	13.434175	13.457069	176.000000	13.266499	0.000000	0.000000
304	13.457069	13.479963	13.502857	141.000000	11.874342	0.000000	0.000000
305	13.502857	13.525751	13.548645	125.000000	11.180340	0.000000	0.000000
306	13.548645	13.571539	13.594433	105.000000	10.246951	0.000000	0.000000
307	13.594433	13.617328	13.640222	104.000000	10.198039	0.000000	0.000000
308	13.640222	13.663116	13.686010	97.000000	9.848858	0.000000	0.000000
309	13.686010	13.708904	13.731798	73.000000	8.544004	0.000000	0.000000
310	13.731798	13.754692	13.777586	94.000000	9.695360	0.000000	0.000000
311	13.777586	13.800480	13.823374	75.000000	8.660254	0.000000	0.000000
312	13.823374	13.846268	13.869162	98.000000	9.899495	0.000000	0.000000
313	13.869162	13.892056	13.914950	109.000000	10.440307	0.000000	0.000000
314	13.914950	13.937845	13.960739	111.000000	10.535654	0.000000	0.000000
315	13.960739	13.983633	14.006527	92.000000	9.591663	0.000000	0.000000
316	14.006527	14.029421	14.052315	106.000000	10.295630	0.000000	0.000000
317	14.052315	14.075209	14.098103	123.000000	11.090537	0.000000	0.000000
318	14.098103	14.120997	14.143891	133.000000	11.532563	0.000000	0.000000
319	14.143891	14.166785	14.189679	111.000000	10.535654	0.000000	0.000000
320	14.189679	14.212573	14.235467	130.000000	11.401754	0.000000	0.000000
321	14.235467	14.258362	14.281256	121.000000	11.000000	0.000000	0.000000
322	14.281256	14.304150	14.327044	132.000000	11.489125	0.519838	0.051984
323	14.327044	14.349938	14.372832	141.000000	11.874342	0.519838	0.051984
324	14.372832	14.395726	14.418620	127.000000	11.269428	0.519838	0.051984
325	14.418620	14.441514	14.464408	170.000000	13.038405	0.519838	0.051984
326	14.464408	14.487302	14.510196	124.000000	11.135529	0.519838	0.051984
327	14.510196	14.533090	14.555984	168.000000	12.961481	0.519838	0.051984
328	14.555984	14.578879	14.601773	166.000000	12.884099	0.519838	0.051984
329	14.601773	14.624667	14.647561	157.000000	12.529964	0.519838	0.051984
330	14.647561	14.670455	14.693349	161.000000	12.688578	0.519838	0.051984
331	14.693349	14.716243	14.739137	165.000000	12.845233	0.519838	0.051984
332	14.739137	14.762031	14.784925	203.000000	14.247807	0.519838	0.051984
333	14.784925	14.807819	14.830713	222.000000	14.899664	0.519838	0.051984
334	14.830713	14.853607	14.876501	215.000000	14.662878	0.519838	0.051984
335	14.876501	14.899395	14.922290	207.000000	14.387495	0.519838	0.051984
336	14.922290	14.945184	14.968078	220.000000	14.832397	0.519838	0.051984
337	14.968078	14.990972	15.013866	220.000000	14.832397	0.519838	0.051984
338	15.013866	15.036760	15.059654	229.000000	15.132746	0.519838	0.051984
339	15.059654	15.082548	15.105442	210.000000	14.491377	0.519838	0.051984
340	15.105442	15.128336	15.151230	210.000000	14.491377	0.519838	0.051984
341	15.151230	15.174124	15.197018	218.000000	14.764823	0.519838	0.051984
342	15.197018	15.219912	15.242807	221.000000	14.866069	0.519838	0.051984
343	15.242807	15.265701	15.288595	208.000000	14.422205	0.519838	0.051984
344	15.288595	15.311489	15.334383	194.000000	13.928388	0.519838	0.051984
345	15.334383	15.357277	15.380171	208.000000	14.422205	0.519838	0.051984
346	15.380171	15.403065	15.425959	238.000000	15.427249	0.519838	0.051984
347	15.425959	15.448853	15.471747	230.000000	15.165751	0.519838	0.051984
348	15.471747	15.494641	15.517535	234.000000	15.297059	0.519838	0.051984
349	15.517535	15.540429	15.563324	227.000000	15.066519	0.519838	0.051984
350	15.563324	15.586218	15.609112	231.000000	15.198684	0.519838	0.051984
351	15.609112	15.632006	15.654900	227.000000	15.066519	0.519838	0.051984
352	15.654900	15.677794	15.700688	248.000000	15.748016	0.519838	0.051984
353	15.700688	15.723582	15.746476	260.000000	16.124515	0.519838	0.051984
354	15.746476	15.769370	15.792264	219.000000	14.798649	0.519838	0.051984
355	15.792264	15.815158	15.838052	265.000000	16.278821	0.519838	0.051984
356	15.838052	15.860946	15.883841	238.000000	15.427249	0.519838	0.051984
357	15.883841	15.906735	15.929629	283.000000	16.822604	0.519838	0.051984
358	15.929629	15.952523	15.975417	262.000000	16.186414	0.519838	0.051984
359	15.975417	15.998311	16.021205	260.000000	16.124515	0.519838	0.051984
360	16.021205	16.044099	16.066993	272.000000	16.492423	0.519838	0.051984
361	16.066993	16.089887	16.112781	289.000000	17.000000	0.519838	0.051984
362	16.112781	16.135675	16.158569	309.000000	17.578396	0.519838	0.051984
363	16.158569	16.181463	16.204358	333.000000	18.248288	0.519838	0.051984
364	16.204358	16.227252	16.250146	361.000000	19.000000	0.519838	0.051984
365	16.250146	16.273040	16.295934	397.000000	19.924859	0.519838	0.051984
366	16.295934	16.318828	16.341722	411.000000	20.273135	0.519838	0.051984
367	16.341722	16.364616	16.387510	444.000000	21.071308	0.519838	0.051984
368	16.387510	16.410404	16.433298	513.000000	22.649503	0.519838	0.051984
369	16.433298	16.456192	16.479086	554.000000	23.537205	0.519838	0.051984
370	16.479086	16.501980	16.524874	592.000000	24.331050	0.519838	0.051984
371	16.524874	16.547769	16.570663	687.000000	26.210685	0.519838	0.051984
372	16.570663	16.593557	16.616451	775.000000	27.838822	0.519838	0.051984
373	16.616451	16.639345	16.662239	791.000000	28.124722	0.519838	0.051984
374	16.662239	16.685133	16.708027	920.000000	30.331502	0.519838	0.051984
375	16.708027	16.730921	16.753815	1014.000000	31.843367	0.519838	0.051984
376	16.753815	16.776709	16.799603	1155.000000	33.985291	0.519838	0.051984
377	16.799603	16.822497	16.845391	1166.000000	34.146742	0.519838	0.051984
378	16.845391	16.868286	16.891180	1318.000000	36.304270	0.519838	0.051984
379	16.891180	16.914074	16.936968	1362.000000	36.905284	0.519838	0.051984
380	16.936968	16.959862	16.982756	1476.000000	38.418745	0.519838	0.051984
381	16.982756	17.005650	17.028544	1608.000000	40.099875	0.519838	0.051984
382	17.028544	17.051438	17.074332	1792.000000	42.332021	0.519838	0.051984
383	17.074332	17.097226	17.120120	1999.000000	44.710178	0.519838	0.051984
384	17.120120	17.143014	17.165908	2437.000000	49.365980	0.519838	0.051984
385	17.165908	17.188803	17.211697	2876.000000	53.628351	0.519838	0.051984
386	17.211697	17.234591	17.257485	3489.000000	59.067758	0.519838	0.051984
387	17.257485	17.280379	17.303273	4004.000000	63.277168	0.519838	0.051984
388	17.303273	17.326167	17.349061	4588.000000	67.734777	0.519838	0.051984
389	17.349061	17.371955	17.394849	5266.000000	72.567210	0.519838	0.051984
390	17.394849	17.417743	17.440637	5502.000000	74.175468	0.519838	0.051984
391	17.440637	17.463531	17.486425	5430.000000	73.688534	0.519838	0.051984
392	17.486425	17.509320	17.532214	5299.000000	72.794231	0.519838	0.051984
393	17.532214	17.555108	17.578002	4991.000000	70.647010	0.519838	0.051984
394	17.578002	17.600896	17.623790	4364.000000	66.060578	0.519838	0.051984
395	17.623790	17.646684	17.669578	3668.000000	60.564016	0.519838	0.051984
396	17.669578	17.692472	17.715366	2903.000000	53.879495	0.519838	0.051984
397	17.715366	17.738260	17.761154	2229.000000	47.212287	0.519838	0.051984
398	17.761154	17.784048	17.806942	1683.000000	41.024383	0.519838	0.051984
399	17.806942	17.829837	17.852731	1319.000000	36.318040	0.519838	0.051984
400	17.852731	17.875625	17.898519	1028.000000	32.062439	0.519838	0.051984
401	17.898519	17.921413	17.944307	816.000000	28.565714	0.519838	0.051984
402	17.944307	17.967201	17.990095	689.000000	26.248809	0.519838	0.051984
403	17.990095	18.012989	18.035883	513.000000	22.649503	0.519838	0.051984
404	18.035883	18.058777	18.081671	521.000000	22.825424	0.519838	0.051984
405	18.081671	18.104565	18.127459	485.000000	22.022716	0.519838	0.051984
406	18.127459	18.150353	18.173248	495.000000	22.248595	0.519838	0.051984
407	18.173248	18.196142	18.219036	484.000000	22.000000	0.519838	0.051984
408	18.219036	18.241930	18.264824	493.000000	22.203603	0.519838	0.051984
409	18.264824	18.287718	18.310612	515.000000	22.693611	0.519838	0.051984
410	18.310612	18.333506	18.356400	541.000000	23.259407	0.519838	0.051984
411	18.356400	18.379294	18.402188	545.000000	23.345235	0.519838	0.051984
412	18.402188	18.425082	18.447976	563.000000	23.727621	0.519838	0.051984
413	18.447976	18.470870	18.493765	597.000000	24.433583	0.519838	0.051984
414	18.493765	18.516659	18.539553	607.000000	24.637370	0.519838	0.051984
415	18.539553	18.562447	18.585341	686.000000	26.191602	0.519838	0.051984
416	18.585341	18.608235	18.631129	720.000000	26.832816	0.519838	0.051984
417	18.631129	18.654023	18.676917	752.000000	27.422618	0.519838	0.051984
418	18.676917	18.699811	18.722705	762.000000	27.604347	0.519838	0.051984
419	18.722705	18.745599	18.768493	801.000000	28.301943	0.519838	0.051984
420	18.768493	18.791387	18.814282	860.000000	29.325757	0.519838	0.051984
421	18.814282	18.837176	18.860070	945.000000	30.740852	0.519838	0.051984
422	18.860070	18.882964	18.905858	850.000000	29.154759	0.519838	0.051984
423	18.905858	18.928752	18.951646	863.000000	29.376862	0.519838	0.051984
424	18.951646	18.974540	18.997434	854.000000	29.223278	0.519838	0.051984
425	18.997434	19.020328	19.043222	864.000000	29.393877	0.519838	0.051984
426	19.043222	19.066116	19.089010	885.000000	29.748950	0.519838	0.051984
427	19.089010	19.111904	19.134799	885.000000	29.748950	0.519838	0.051984
428	19.134799	19.157693	19.180587	900.000000	30.000000	0.519838	0.051984
429	19.180587	19.203481	19.226375	849.000000	29.137605	0.519838	0.051984
430	19.226375	19.249269	19.272163	817.000000	28.583212	0.519838	0.051984
431	19.272163	19.295057	19.317951	826.000000	28.740216	0.519838	0.051984
432	19.317951	19.340845	19.363739	767.000000	27.694765	0.519838	0.051984
433	19.363739	19.386633	19.409527	794.000000	28.178006	0.519838	0.051984
434	19.409527	19.432421	19.455316	837.000000	28.930952	0.519838	0.051984
435	19.455316	19.478210	19.501104	827.000000	28.757608	0.519838	0.051984
436	19.501104	19.523998	19.546892	881.000000	29.681644	0.519838	0.051984
437	19.546892	19.569786	19.592680	910.000000	30.166206	0.519838	0.051984
438	19.592680	19.615574	19.638468	870.000000	29.495762	0.519838	0.051984
439	19.638468	19.661362	19.684256	901.000000	30.016662	0.519838	0.051984
440	19.684256	19.707150	19.730044	875.000000	29.580399	0.519838	0.051984
441	19.730044	19.752938	19.775832	862.000000	29.359837	0.519838	0.051984
442	19.775832	19.798727	19.821621	779.000000	27.910571	0.519838	0.051984
443	19.821621	19.844515	19.867409	843.000000	29.034462	0.519838	0.051984
444	19.867409	19.890303	19.913197	799.000000	28.266588	0.519838	0.051984
445	19.913197	19.936091	19.958985	742.000000	27.239677	0.519838	0.051984
446	19.958985	19.981879	20.004773	721.000000	26.851443	0.519838	0.051984
447	20.004773	20.027667	20.050561	713.000000	26.702060	0.519838	0.051984
448	20.050561	20.073455	20.096349	713.000000	26.702060	0.519838	0.051984
449	20.096349	20.119244	20.142138	742.000000	27.239677	0.519838	0.051984
450	20.142138	20.165032	20.187926	660.000000	25.690465	0.519838	0.051984
451	20.187926	20.210820	20.233714	675.000000	25.980762	0.519838	0.051984
452	20.233714	20.256608	20.279502	706.000000	26.570661	0.519838	0.051984
453	20.279502	20.302396	20.325290	662.000000	25.729361	0.519838	0.051984
454	20.325290	20.348184	20.371078	701.000000	26.476405	0.519838	0.051984
455	20.371078	20.393972	20.416866	718.000000	26.795522	0.519838	0.051984
456	20.416866	20.439761	20.462655	696.000000	26.381812	0.519838	0.051984
457	20.462655	20.485549	20.508443	685.000000	26.172505	0.519838	0.051984
458	20.508443	20.531337	20.554231	721.000000	26.851443	0.519838	0.051984
459	20.554231	20.577125	20.600019	726.000000	26.944387	0.000000	0.000000
460	20.600019	20.622913	20.645807	740.000000	27.202941	0.000000	0.000000
461	20.645807	20.668701	20.691595	734.000000	27.092434	0.000000	0.000000
462	20.691595	20.714489	20.737383	751.000000	27.404379	0.000000	0.000000
463	20.737383	20.760278	20.783172	768.000000	27.712813	0.000000	0.000000
464	20.783172	20.806066	20.828960	696.000000	26.381812	0.000000	0.000000
465	20.828960	20.851854	20.874748	817.000000	28.583212	0.000000	0.000000
466	20.874748	20.897642	20.920536	795.000000	28.195744	0.000000	0.000000
467	20.920536	20.943430	20.966324	806.000000	28.390139	0.000000	0.000000
468	20.966324	20.989218	21.012112	818.000000	28.600699	0.000000	0.000000
469	21.012112	21.035006	21.057900	848.000000	29.120440	0.000000	0.000000
470	21.057900	21.080795	21.103689	810.000000	28.460499	0.000000	0.000000
471	21.103689	21.126583	21.149477	856.000000	29.257478	0.000000	0.000000
472	21.149477	21.172371	21.195265	862.000000	29.359837	0.000000	0.000000
473	21.195265	21.218159	21.241053	862.000000	29.359837	0.000000	0.000000
474	21.241053	21.263947	21.286841	858.000000	29.291637	0.000000	0.000000
475	21.286841	21.309735	21.332629	866.000000	29.427878	0.000000	0.000000
476	21.332629	21.355523	21.378417	932.000000	30.528675	0.000000	0.000000
477	21.378417	21.401311	21.424206	906.000000	30.099834	0.000000	0.000000
478	21.424206	21.447100	21.469994	968.000000	31.112698	0.000000	0.000000
479	21.469994	21.492888	21.515782	969.000000	31.128765	0.000000	0.000000
480	21.515782	21.538676	21.561570	1013.000000	31.827661	0.000000	0.000000
481	21.561570	21.584464	21.607358	997.000000	31.575307	0.000000	0.000000
482	21.607358	21.630252	21.653146	1019.000000	31.921779	0.000000	0.000000
483	21.653146	21.676040	21.698934	1034.000000	32.155870	0.000000	0.000000
484	21.698934	21.721828	21.744723	1039.000000	32.233523	0.000000	0.000000
485	21.744723	21.767617	21.790511	1025.000000	32.015621	0.000000	0.000000
486	21.790511	21.813405	21.836299	1007.000000	31.733263	0.000000	0.000000
487	21.836299	21.859193	21.882087	1033.000000	32.140317	0.000000	0.000000
488	21.882087	21.904981	21.927875	1057.000000	32.511536	0.000000	0.000000
489	21.927875	21.950769	21.973663	1033.000000	32.140317	0.000000	0.000000
490	21.973663	21.996557	22.019451	1075.000000	32.787193	0.000000	0.000000
491	22.019451	22.042345	22.065240	1008.000000	31.749016	0.000000	0.000000
492	22.065240	22.088134	22.111028	1024.000000	32.000000	0.000000	0.000000
493	22.111028	22.133922	22.156816	1090.000000	33.015148	0.000000	0.000000
494	22.156816	22.179710	22.202604	1021.000000	31.953091	0.000000	0.000000
495	22.202604	22.225498	22.248392	1044.000000	32.310989	0.000000	0.000000
496	22.248392	22.271286	22.294180	994.000000	31.527766	0.000000	0.000000
497	22.294180	22.317074	22.339968	1020.000000	31.937439	0.000000	0.000000
498	22.339968	22.362862	22.385757	961.000000	31.000000	0.000000	0.000000
499	22.385757	22.408651	22.431545	994.000000	31.527766	0.000000	0.000000
500	22.431545	22.454439	22.477333	1002.000000	31.654384	0.000000	0.000000
501	22.477333	22.500227	22.523121	985.000000	31.384710	0.000000	0.000000
502	22.523121	22.546015	22.568909	996.000000	31.559468	0.000000	0.000000
503	22.568909	22.591803	22.614697	980.000000	31.304952	0.000000	0.000000
504	22.614697	22.637591	22.660485	982.000000	31.336879	0.000000	0.000000
505	22.660485	22.683379	22.706274	982.000000	31.336879	0.000000	0.000000
506	22.706274	22.729168	22.752062	992.000000	31.496031	0.000000	0.000000
507	22.752062	22.774956	22.797850	1027.000000	32.046841	0.000000	0.000000
508	22.797850	22.820744	22.843638	1013.000000	31.827661	0.000000	0.000000
509	22.843638	22.866532	22.889426	950.000000	30.822070	0.000000	0.000000
510	22.889426	22.912320	22.935214	1017.000000	31.890437	0.000000	0.000000
511	22.935214	22.958108	22.981002	1038.000000	32.218007	0.000000	0.000000
512	22.981002	23.003896	23.026790	1016.000000	31.874755	0.000000	0.000000
513	23.026790	23.049685	23.072579	1072.000000	32.741411	0.000000	0.000000
514	23.072579	23.095473	23.118367	1029.000000	32.078030	0.000000	0.000000
515	23.118367	23.141261	23.164155	1047.000000	32.357379	0.000000	0.000000
516	23.164155	23.187049	23.209943	1080.000000	32.863353	0.000000	0.000000
517	23.209943	23.232837	23.255731	1127.000000	33.570821	0.000000	0.000000
518	23.255731	23.278625	23.301519	1079.000000	32.848135	0.000000	0.000000
519	23.301519	23.324413	23.347307	1064.000000	32.619013	0.000000	0.000000
520	23.347307	23.370202	23.393096	1047.000000	32.357379	0.000000	0.000000
521	23.393096	23.415990	23.438884	1032.000000	32.124757	0.000000	0.000000
522	23.438884	23.461778	23.484672	1041.000000	32.264532	0.000000	0.000000
523	23.484672	23.507566	23.530460	1074.000000	32.771939	0.000000	0.000000
524	23.530460	23.553354	23.576248	1044.000000	32.310989	0.000000	0.000000
525	23.576248	23.599142	23.622036	1070.000000	32.710854	0.000000	0.000000
526	23.622036	23.644930	23.667824	1061.000000	32.572995	0.000000	0.000000
527	23.667824	23.690719	23.713613	1133.000000	33.660065	0.000000	0.000000
528	23.713613	23.736507	23.759401	1112.000000	33.346664	0.000000	0.000000
529	23.759401	23.782295	23.805189	1066.000000	32.649655	0.000000	0.000000
530	23.805189	23.828083	23.850977	1070.000000	32.710854	0.000000	0.000000
531	23.850977	23.873871	23.896765	1051.000000	32.419130	0.000000	0.000000
532	23.896765	23.919659	23.942553	1109.000000	33.301652	0.000000	0.000000
533	23.942553	23.965447	23.988341	1049.000000	32.388269	0.000000	0.000000
534	23.988341	24.011236	24.034130	1105.000000	33.241540	0.000000	0.000000
535	24.034130	24.057024	24.079918	1066.000000	32.649655	0.000000	0.000000
536	24.079918	24.102812	24.125706	1091.000000	33.030289	0.000000	0.000000
537	24.125706	24.148600	24.171494	1103.000000	33.211444	0.000000	0.000000
538	24.171494	24.194388	24.217282	1045.000000	32.326460	0.000000	0.000000
539	24.217282	24.240176	24.263070	1087.000000	32.969683	0.000000	0.000000
540	24.263070	24.285964	24.308858	1027.000000	32.046841	0.000000	0.000000
541	24.308858	24.331752	24.354647	1082.000000	32.893768	0.000000	0.000000
542	24.354647	24.377541	24.400435	1153.000000	33.955854	0.000000	0.000000
543	24.400435	24.423329	24.446223	1110.000000	33.316662	0.000000	0.000000
544	24.446223	24.469117	24.492011	1004.000000	31.685959	0.000000	0.000000
545	24.492011	24.514905	24.537799	1114.000000	33.376639	0.000000	0.000000
546	24.537799	24.560693	24.583587	1061.000000	32.572995	0.000000	0.000000
547	24.583587	24.606481	24.629375	1067.000000	32.664966	0.000000	0.000000
548	24.629375	24.652269	24.675164	1051.000000	32.419130	0.000000	0.000000
549	24.675164	24.698058	24.720952	1062.000000	32.588341	0.000000	0.000000
550	24.720952	24.743846	24.766740	1065.000000	32.634338	0.000000	0.000000
551	24.766740	24.789634	24.812528	1085.000000	32.939338	0.000000	0.000000
552	24.812528	24.835422	24.858316	1022.000000	31.968735	0.000000	0.000000
553	24.858316	24.881210	24.904104	1094.000000	33.075671	0.000000	0.000000
554	24.904104	24.926998	24.949892	1053.000000	32.449961	0.000000	0.000000
555	24.949892	24.972786	24.995681	1075.000000	32.787193	0.000000	0.000000
556	24.995681	25.018575	25.041469	1070.000000	32.710854	0.000000	0.000000
557	25.041469	25.064363	25.087257	1109.000000	33.301652	0.000000	0.000000
558	25.087257	25.110151	25.133045	1075.000000	32.787193	0.000000	0.000000
559	25.133045	25.155939	25.178833	972.000000	31.176915	0.000000	0.000000
560	25.178833	25.201727	25.224621	1058.000000	32.526912	0.000000	0.000000
561	25.224621	25.247515	25.270409	1058.000000	32.526912	0.000000	0.000000
562	25.270409	25.293303	25.316198	1022.000000	31.968735	0.000000	0.000000
563	25.316198	25.339092	25.361986	1038.000000	32.218007	0.000000	0.000000
564	25.361986	25.384880	25.407774	989.000000	31.448370	0.000000	0.000000
565	25.407774	25.430668	25.453562	1004.000000	31.685959	0.000000	0.000000
566	25.453562	25.476456	25.499350	1004.000000	31.685959	0.000000	0.000000
567	25.499350	25.522244	25.545138	1007.000000	31.733263	0.000000	0.000000
568	25.545138	25.568032	25.590926	1025.000000	32.015621	0.000000	0.000000
569	25.590926	25.613820	25.636715	1039.000000	32.233523	0.000000	0.000000
570	25.636715	25.659609	25.682503	956.000000	30.919250	0.000000	0.000000
571	25.682503	25.705397	25.728291	1012.000000	31.811947	0.000000	0.000000
572	25.728291	25.751185	25.774079	982.000000	31.336879	0.000000	0.000000
573	25.774079	25.796973	25.819867	1001.000000	31.638584	0.000000	0.000000
574	25.819867	25.842761	25.865655	981.000000	31.320920	0.000000	0.000000
575	25.865655	25.888549	25.911443	979.000000	31.288976	0.000000	0.000000
576	25.911443	25.934337	25.957231	896.000000	29.933259	0.000000	0.000000
577	25.957231	25.980126	26.003020	966.000000	31.080541	0.000000	0.000000
578	26.003020	26.025914	26.048808	1017.000000	31.890437	0.000000	0.000000
579	26.048808	26.071702	26.094596	898.000000	29.966648	0.000000	0.000000
580	26.094596	26.117490	26.140384	895.000000	29.916551	0.000000	0.000000
581	26.140384	26.163278	26.186172	910.000000	30.166206	0.000000	0.000000
582	26.186172	26.209066	26.231960	875.000000	29.580399	0.000000	0.000000
583	26.231960	26.254854	26.277748	861.000000	29.342802	0.000000	0.000000
584	26.277748	26.300643	26.323537	852.000000	29.189039	0.000000	0.000000
585	26.323537	26.346431	26.369325	900.000000	30.000000	0.000000	0.000000
586	26.369325	26.392219	26.415113	822.000000	28.670542	0.000000	0.000000
587	26.415113	26.438007	26.460901	802.000000	28.319605	0.000000	0.000000
588	26.460901	26.483795	26.506689	760.000000	27.568098	0.000000	0.000000
589	26.506689	26.529583	26.552477	781.000000	27.946377	0.000000	0.000000
590	26.552477	26.575371	26.598265	665.000000	25.787594	0.000000	0.000000
591	26.598265	26.621160	26.644054	733.000000	27.073973	0.000000	0.000000
592	26.644054	26.666948	26.689842	709.000000	26.627054	0.000000	0.000000
593	26.689842	26.712736	26.735630	710.000000	26.645825	0.000000	0.000000
594	26.735630	26.758524	26.781418	718.000000	26.795522	0.000000	0.000000
595	26.781418	26.804312	26.827206	650.000000	25.495098	0.000000	0.000000
596	26.827206	26.850100	26.872994	662.000000	25.729361	0.000000	0.000000
597	26.872994	26.895888	26.918782	664.000000	25.768197	0.000000	0.000000
598	26.918782	26.941677	26.964571	605.000000	24.596748	0.000000	0.000000
599	26.964571	26.987465	27.010359	633.000000	25.159491	0.000000	0.000000
600	27.010359	27.033253	27.056147	583.000000	24.145393	0.000000	0.000000
601	27.056147	27.079041	27.101935	601.000000	24.515301	0.000000	0.000000
602	27.101935	27.124829	27.147723	600.000000	24.494897	0.000000	0.000000
603	27.147723	27.170617	27.193511	561.000000	23.685439	0.000000	0.000000
604	27.193511	27.216405	27.239299	563.000000	23.727621	0.000000	0.000000
605	27.239299	27.262194	27.285088	572.000000	23.916521	0.000000	0.000000
606	27.285088	27.307982	27.330876	536.000000	23.151674	0.000000	0.000000
607	27.330876	27.353770	27.376664	501.000000	22.383029	0.000000	0.000000
608	27.376664	27.399558	27.422452	524.000000	22.891046	0.000000	0.000000
609	27.422452	27.445346	27.468240	461.000000	21.470911	0.000000	0.000000
610	27.468240	27.491134	27.514028	517.000000	22.737634	0.000000	0.000000
611	27.514028	27.536922	27.559816	512.000000	22.627417	0.000000	0.000000
612	27.559816	27.582710	27.605605	469.000000	21.656408	0.000000	0.000000
613	27.605605	27.628499	27.651393	468.000000	21.633308	0.000000	0.000000
614	27.651393	27.674287	27.697181	454.000000	21.307276	0.000000	0.000000
615	27.697181	27.720075	27.742969	422.000000	20.542639	0.000000	0.000000
616	27.742969	27.765863	27.788757	394.000000	19.849433	0.000000	0.000000
617	27.788757	27.811651	27.834545	410.000000	20.248457	0.000000	0.000000
618	27.834545	27.857439	27.880333	400.000000	20.000000	0.000000	0.000000
619	27.880333	27.903227	27.926122	384.000000	19.595918	0.000000	0.000000
620	27.926122	27.949016	27.971910	401.000000	20.024984	0.000000	0.000000
621	27.971910	27.994804	28.017698	338.000000	18.384776	0.000000	0.000000
622	28.017698	28.040592	28.063486	334.000000	18.275667	0.000000	0.000000
623	28.063486	28.086380	28.109274	332.000000	18.220867	0.000000	0.000000
624	28.109274	28.132168	28.155062	317.000000	17.804494	0.000000	0.000000
625	28.155062	28.177956	28.200850	296.000000	17.204651	0.000000	0.000000
626	28.200850	28.223744	28.246639	264.000000	16.248077	0.000000	0.000000
627	28.246639	28.269533	28.292427	239.000000	15.459625	0.000000	0.000000
628	28.292427	28.315321	28.338215	245.000000	15.652476	0.000000	0.000000
629	28.338215	28.361109	28.384003	227.000000	15.066519	0.000000	0.000000
630	28.384003	28.406897	28.429791	230.000000	15.165751	0.000000	0.000000
631	28.429791	28.452685	28.475579	255.000000	15.968719	0.000000	0.000000
632	28.475579	28.498473	28.521367	225.000000	15.000000	0.000000	0.000000
633	28.521367	28.544261	28.567156	216.000000	14.696938	0.000000	0.000000
634	28.567156	28.590050	28.612944	213.000000	14.594520	0.000000	0.000000
635	28.612944	28.635838	28.658732	196.000000	14.000000	0.000000	0.000000
636	28.658732	28.681626	28.704520	210.000000	14.491377	0.000000	0.000000
637	28.704520	28.727414	28.750308	183.000000	13.527749	0.000000	0.000000
638	28.750308	28.773202	28.796096	176.000000	13.266499	0.000000	0.000000
639	28.796096	28.818990	28.841884	145.000000	12.041595	0.000000	0.000000
640	28.841884	28.864778	28.887673	144.000000	12.000000	0.000000	0.000000
641	28.887673	28.910567	28.933461	148.000000	12.165525	0.000000	0.000000
642	28.933461	28.956355	28.979249	136.000000	11.661904	0.000000	0.000000
643	28.979249	29.002143	29.025037	139.000000	11.789826	0.000000	0.000000
644	29.025037	29.047931	29.070825	148.000000	12.165525	0.000000	0.000000
645	29.070825	29.093719	29.116613	141.000000	11.874342	0.000000	0.000000
646	29.116613	29.139507	29.162401	108.000000	10.392305	0.000000	0.000000
647	29.162401	29.185295	29.208189	125.000000	11.180340	0.000000	0.000000
648	29.208189	29.231084	29.253978	93.000000	9.643651	0.000000	0.000000
649	29.253978	29.276872	29.299766	112.000000	10.583005	0.000000	0.000000
650	29.299766	29.322660	29.345554	101.000000	10.049876	0.000000	0.000000
651	29.345554	29.368448	29.391342	95.000000	9.746794	0.000000	0.000000
652	29.391342	29.414236	29.437130	97.000000	9.848858	0.000000	0.000000
653	29.437130	29.460024	29.482918	75.000000	8.660254	0.000000	0.000000
654	29.482918	29.505812	29.528706	70.000000	8.366600	0.000000	0.000000
655	29.528706	29.551601	29.574495	64.000000	8.000000	0.000000	0.000000
656	29.574495	29.597389	29.620283	57.000000	7.549834	0.000000	0.000000
657	29.620283	29.643177	29.666071	44.000000	6.633250	0.000000	0.000000
658	29.666071	29.688965	29.711859	40.000000	6.324555	0.000000	0.000000
659	29.711859	29.734753	29.757647	40.000000	6.324555	0.000000	0.000000
660	29.757647	29.780541	29.803435	34.000000	5.830952	0.000000	0.000000
661	29.803435	29.826329	29.849223	21.000000	4.582576	0.000000	0.000000
662	29.849223	29.872118	29.895012	24.000000	4.898979	0.000000	0.000000
663	29.895012	29.917906	29.940800	14.000000	3.741657	0.000000	0.000000
664	29.940800	29.963694	29.986588	8.000000	2.828427	0.000000	0.000000
665	29.986588	30.009482	30.032376	5.000000	2.236068	0.000000	0.000000
666	30.032376	30.055270	30.078164	4.000000	2.000000	0.000000	0.000000
667	30.078164	30.101058	30.123952	3.000000	1.732051	0.000000	0.000000
668	30.123952	30.146846	30.169740	3.000000	1.732051	0.000000	0.000000
669	30.169740	30.192635	30.215529	4.000000	2.000000	0.000000	0.000000
670	30.215529	30.238423	30.261317	0.000000	0.000000	0.000000	0.000000
671	30.261317	30.284211	30.307105	0.000000	0.000000	0.000000	0.000000
672	30.307105	30.329999	30.352893	1.000000	1.000000	0.000000	0.000000
673	30.352893	30.375787	30.398681	0.000000	0.000000	0.000000	0.000000
674	30.398681	30.421575	30.444469	1.000000	1.000000	0.000000	0.000000
675	30.444469	30.467363	30.490257	0.000000	0.000000	0.000000	0.000000
676	30.490257	30.513152	30.536046	0.000000	0.000000	0.000000	0.000000
677	30.536046	30.558940	30.581834	0.000000	0.000000	0.000000	0.000000
678	30.581834	30.604728	30.627622	0.000000	0.000000	0.000000	0.000000
679	30.627622	30.650516	30.673410	1.000000	1.000000	0.000000	0.000000
680	30.673410	30.696304	30.719198	0.000000	0.000000	0.000000	0.000000
681	30.719198	30.742092	30.764986	0.000000	0.000000	0.000000	0.000000
682	30.764986	30.787880	30.810774	0.000000	0.000000	0.000000	0.000000
683	30.810774	30.833668	30.856563	0.000000	0.000000	0.000000	0.000000
684	30.856563	30.879457	30.902351	0.000000	0.000000	0.000000	0.000000
685	30.902351	30.925245	30.948139	0.000000	0.000000	0.000000	0.000000
686	30.948139	30.971033	30.993927	0.000000	0.000000	0.000000	0.000000
687	30.993927	31.016821	31.039715	0.000000	0.000000	0.000000	0.000000
688	31.039715	31.062609	31.085503	0.000000	0.000000	0.000000	0.000000
689	31.085503	31.108397	31.131291	0.000000	0.000000	0.000000	0.000000
690	31.131291	31.154185	31.177080	0.000000	0.000000	0.000000	0.000000
691	31.177080	31.199974	31.222868	0.000000	0.000000	0.000000	0.000000
692	31.222868	31.245762	31.268656	0.000000	0.000000	0.000000	0.000000
693	31.268656	31.291550	31.314444	0.000000	0.000000	0.000000	0.000000
694	31.314444	31.337338	31.360232	0.000000	0.000000	0.000000	0.000000
695	31.360232	31.383126	31.406020	0.000000	0.000000	0.000000	0.000000
696	31.406020	31.428914	31.451808	0.000000	0.000000	0.000000	0.000000
697	31.451808	31.474702	31.497597	0.000000	0.000000	0.000000	0.000000
698	31.497597	31.520491	31.543385	0.000000	0.000000	0.000000	0.000000
699	31.543385	31.566279	31.589173	0.000000	0.000000	0.000000	0.000000
700	31.589173	31.612067	31.634961	0.000000	0.000000	0.000000	0.000000
701	31.634961	31.657855	31.680749	0.000000	0.000000	0.000000	0.000000
702	31.680749	31.703643	31.726537	0.000000	0.000000	0.000000	0.000000
703	31.726537	31.749431	31.772325	0.000000	0.000000	0.000000	0.000000
704	31.772325	31.795219	31.818114	0.000000	0.000000	0.000000	0.000000
705	31.818114	31.841008	31.863902	0.000000	0.000000	0.000000	0.000000
706	31.863902	31.886796	31.909690	0.000000	0.000000	0.000000	0.000000
707	31.909690	31.932584	31.955478	0.000000	0.000000	0.000000	0.000000
708	31.955478	31.978372	32.001266	1.000000	1.000000	0.000000	0.000000
709	32.001266	32.024160	32.047054	0.000000	0.000000	0.000000	0.000000
710	32.047054	32.069948	32.092842	0.000000	0.000000	0.000000	0.000000
711	32.092842	32.115736	32.138631	0.000000	0.000000	0.000000	0.000000
712	32.138631	32.161525	32.184419	0.000000	0.000000	0.000000	0.000000
713	32.184419	32.207313	32.230207	0.000000	0.000000	0.000000	0.000000
714	32.230207	32.253101	32.275995	0.000000	0.000000	0.000000	0.000000
715	32.275995	32.298889	32.321783	0.000000	0.000000	0.000000	0.000000
716	32.321783	32.344677	32.367571	0.000000	0.000000	0.000000	0.000000
717	32.367571	32.390465	32.413359	0.000000	0.000000	0.000000	0.000000
718	32.413359	32.436253	32.459147	0.000000	0.000000	0.000000	0.000000
719	32.459147	32.482042	32.504936	0.000000	0.000000	0.000000	0.000000
720	32.504936	32.527830	32.550724	1.000000	1.000000	0.000000	0.000000
721	32.550724	32.573618	32.596512	0.000000	0.000000	0.000000	0.000000
722	32.596512	32.619406	32.642300	0.000000	0.000000	0.000000	0.000000
723	32.642300	32.665194	32.688088	0.000000	0.000000	0.000000	0.000000
724	32.688088	32.710982	32.733876	1.000000	1.000000	0.000000	0.000000
725	32.733876	32.756770	32.779664	0.000000	0.000000	0.000000	0.000000
726	32.779664	32.802559	32.825453	0.000000	0.000000	0.000000	0.000000
727	32.825453	32.848347	32.871241	0.000000	0.000000	0.000000	0.000000
728	32.871241	32.894135	32.917029	0.000000	0.000000	0.000000	0.000000
729	32.917029	32.939923	32.962817	0.000000	0.000000	0.000000	0.000000
730	32.962817	32.985711	33.008605	0.000000	0.000000	0.000000	0.000000
731	33.008605	33.031499	33.054393	0.000000	0.000000	0.000000	0.000000
732	33.054393	33.077287	33.100181	0.000000	0.000000	0.000000	0.000000
733	33.100181	33.123076	33.145970	0.000000	0.000000	0.000000	0.000000
734	33.145970	33.168864	33.191758	0.000000	0.000000	0.000000	0.000000
735	33.191758	33.214652	33.237546	0.000000	0.000000	0.000000	0.000000
736	33.237546	33.260440	33.283334	0.000000	0.000000	0.000000	0.000000
737	33.283334	33.306228	33.329122	0.000000	0.000000	0.000000	0.000000
738	33.329122	33.352016	33.374910	0.000000	0.000000	0.000000	0.000000
739	33.374910	33.397804	33.420698	0.000000	0.000000	0.000000	0.000000
740	33.420698	33.443593	33.466487	0.000000	0.000000	0.000000	0.000000
741	33.466487	33.489381	33.512275	0.000000	0.000000	0.000000	0.000000
742	33.512275	33.535169	33.558063	0.000000	0.000000	0.000000	0.000000
743	33.558063	33.580957	33.603851	0.000000	0.000000	0.000000	0.000000
744	33.603851	33.626745	33.649639	0.000000	0.000000	0.000000	0.000000
745	33.649639	33.672533	33.695427	0.000000	0.000000	0.000000	0.000000
746	33.695427	33.718321	33.741215	0.000000	0.000000	0.000000	0.000000
747	33.741215	33.764110	33.787004	0.000000	0.000000	0.000000	0.000000
748	33.787004	33.809898	33.832792	0.000000	0.000000	0.000000	0.000000
749	33.832792	33.855686	33.878580	0.000000	0.000000	0.000000	0.000000
750	33.878580	33.901474	33.924368	0.000000	0.000000	0.000000	0.000000
751	33.924368	33.947262	33.970156	1.000000	1.000000	0.000000	0.000000
752	33.970156	33.993050	34.015944	0.000000	0.000000	0.000000	0.000000
753	34.015944	34.038838	34.061732	0.000000	0.000000	0.000000	0.000000
754	34.061732	34.084626	34.107521	0.000000	0.000000	0.000000	0.000000
755	34.107521	34.130415	34.153309	0.000000	0.000000	0.000000	0.000000
756	34.153309	34.176203	34.199097	0.000000	0.000000	0.000000	0.000000
757	34.199097	34.221991	34.244885	0.000000	0.000000	0.000000	0.000000
758	34.244885	34.267779	34.290673	0.000000	0.000000	0.000000	0.000000
759	34.290673	34.313567	34.336461	0.000000	0.000000	0.000000	0.000000
760	34.336461	34.359355	34.382249	0.000000	0.000000	0.000000	0.000000
761	34.382249	34.405143	34.428038	1.000000	1.000000	0.000000	0.000000
762	34.428038	34.450932	34.473826	0.000000	0.000000	0.000000	0.000000
763	34.473826	34.496720	34.519614	0.000000	0.000000	0.000000	0.000000
764	34.519614	34.542508	34.565402	0.000000	0.000000	0.000000	0.000000
765	34.565402	34.588296	34.611190	0.000000	0.000000	0.000000	0.000000
766	34.611190	34.634084	34.656978	0.000000	0.000000	0.000000	0.000000
767	34.656978	34.679872	34.702766	0.000000	0.000000	0.000000	0.000000
768	34.702766	34.725660	34.748555	0.000000	0.000000	0.000000	0.000000
769	34.748555	34.771449	34.794343	0.000000	0.000000	0.000000	0.000000
770	34.794343	34.817237	34.840131	1.000000	1.000000	0.000000	0.000000
771	34.840131	34.863025	34.885919	1.000000	1.000000	0.000000	0.000000
772	34.885919	34.908813	34.931707	0.000000	0.000000	0.000000	0.000000
773	34.931707	34.954601	34.977495	0.000000	0.000000	0.000000	0.000000
774	34.977495	35.000389	35.023283	0.000000	0.000000	0.000000	0.000000
775	35.023283	35.046177	35.069072	0.000000	0.000000	0.000000	0.000000
776	35.069072	35.091966	35.114860	0.000000	0.000000	0.000000	0.000000
777	35.114860	35.137754	35.160648	0.000000	0.000000	0.000000	0.000000
778	35.160648	35.183542	35.206436	0.000000	0.000000	0.000000	0.000000
779	35.206436	35.229330	35.252224	1.000000	1.000000	0.000000	0.000000
780	35.252224	35.275118	35.298012	0.000000	0.000000	0.000000	0.000000
781	35.298012	35.320906	35.343800	0.000000	0.000000	0.000000	0.000000
782	35.343800	35.366694	35.389589	0.000000	0.000000	0.000000	0.000000
783	35.389589	35.412483	35.435377	0.000000	0.000000	0.000000	0.000000
784	35.435377	35.458271	35.481165	0.000000	0.000000	0.000000	0.000000
785	35.481165	35.504059	35.526953	0.000000	0.000000	0.000000	0.000000
786	35.526953	35.549847	35.572741	0.000000	0.000000	0.000000	0.000000
787	35.572741	35.595635	35.618529	0.000000	0.000000	0.000000	0.000000
788	35.618529	35.641423	35.664317	0.000000	0.000000	0.000000	0.000000
789	35.664317	35.687211	35.710105	0.000000	0.000000	0.000000	0.000000
790	35.710105	35.733000	35.755894	0.000000	0.000000	0.000000	0.000000
791	35.755894	35.778788	35.801682	0.000000	0.000000	0.000000	0.000000
792	35.801682	35.824576	35.847470	0.000000	0.000000	0.000000	0.000000
793	35.847470	35.870364	35.893258	0.000000	0.000000	0.000000	0.000000
794	35.893258	35.916152	35.939046	0.000000	0.000000	0.000000	0.000000
795	35.939046	35.961940	35.984834	0.000000	0.000000	0.000000	0.000000
796	35.984834	36.007728	36.030622	0.000000	0.000000	0.000000	0.000000
797	36.030622	36.053517	36.076411	0.000000	0.000000	0.000000	0.000000
798	36.076411	36.099305	36.122199	0.000000	0.000000	0.000000	0.000000
799	36.122199	36.145093	36.167987	0.000000	0.000000	0.000000	0.000000
800	36.167987	36.190881	36.213775	0.000000	0.000000	0.000000	0.000000
801	36.213775	36.236669	36.259563	0.000000	0.000000	0.000000	0.000000
802	36.259563	36.282457	36.305351	0.000000	0.000000	0.000000	0.000000
803	36.305351	36.328245	36.351139	0.000000	0.000000	0.000000	0.000000
804	36.351139	36.374034	36.396928	0.000000	0.000000	0.000000	0.000000
805	36.396928	36.419822	36.442716	0.000000	0.000000	0.000000	0.000000
806	36.442716	36.465610	36.488504	0.000000	0.000000	0.000000	0.000000
807	36.488504	36.511398	36.534292	0.000000	0.000000	0.000000	0.000000
808	36.534292	36.557186	36.580080	0.000000	0.000000	0.000000	0.000000
809	36.580080	36.602974	36.625868	0.000000	0.000000	0.000000	0.000000
810	36.625868	36.648762	36.671656	0.000000	0.000000	0.000000	0.000000
811	36.671656	36.694551	36.717445	0.000000	0.000000	0.000000	0.000000
812	36.717445	36.740339	36.763233	0.000000	0.000000	0.000000	0.000000
813	36.763233	36.786127	36.809021	0.000000	0.000000	0.000000	0.000000
814	36.809021	36.831915	36.854809	0.000000	0.000000	0.000000	0.000000
815	36.854809	36.877703	36.900597	0.000000	0.000000	0.000000	0.000000
816	36.900597	36.923491	36.946385	0.000000	0.000000	0.000000	0.000000
817	36.946385	36.969279	36.992173	0.000000	0.000000	0.000000	0.000000
818	36.992173	37.015068	37.037962	0.000000	0.000000	0.000000	0.000000
819	37.037962	37.060856	37.083750	0.000000	0.000000	0.000000	0.000000
820	37.083750	37.106644	37.129538	0.000000	0.000000	0.000000	0.000000
821	37.129538	37.152432	37.175326	0.000000	0.000000	0.000000	0.000000
822	37.175326	37.198220	37.221114	0.000000	0.000000	0.000000	0.000000
823	37.221114	37.244008	37.266902	0.000000	0.000000	0.000000	0.000000
824	37.266902	37.289796	37.312690	0.000000	0.000000	0.000000	0.000000
825	37.312690	37.335584	37.358479	0.000000	0.000000	0.000000	0.000000
826	37.358479	37.381373	37.404267	0.000000	0.000000	0.000000	0.000000
827	37.404267	37.427161	37.450055	0.000000	0.000000	0.000000	0.000000
828	37.450055	37.472949	37.495843	1.000000	1.000000	0.000000	0.000000
829	37.495843	37.518737	37.541631	1.000000	1.000000	0.000000	0.000000
830	37.541631	37.564525	37.587419	0.000000	0.000000	0.000000	0.000000
831	37.587419	37.610313	37.633207	0.000000	0.000000	0.000000	0.000000
832	37.633207	37.656101	37.678996	0.000000	0.000000	0.000000	0.000000
833	37.678996	37.701890	37.724784	0.000000	0.000000	0.000000	0.000000
834	37.724784	37.747678	37.770572	0.000000	0.000000	0.000000	0.000000
835	37.770572	37.793466	37.816360	0.000000	0.000000	0.000000	0.000000
836	37.816360	37.839254	37.862148	0.000000	0.000000	0.000000	0.000000
837	37.862148	37.885042	37.907936	0.000000	0.000000	0.000000	0.000000
838	37.907936	37.930830	37.953724	0.000000	0.000000	0.000000	0.000000
839	37.953724	37.976618	37.999513	1.000000	1.000000	0.000000	0.000000
840	37.999513	38.022407	38.045301	1.000000	1.000000	0.000000	0.000000
841	38.045301	38.068195	38.091089	0.000000	0.000000	0.000000	0.000000
842	38.091089	38.113983	38.136877	0.000000	0.000000	0.000000	0.000000
843	38.136877	38.159771	38.182665	0.000000	0.000000	0.000000	0.000000
844	38.182665	38.205559	38.228453	0.000000	0.000000	0.000000	0.000000
845	38.228453	38.251347	38.274241	1.000000	1.000000	0.000000	0.000000
846	38.274241	38.297135	38.320030	0.000000	0.000000	0.000000	0.000000
847	38.320030	38.342924	38.365818	0.000000	0.000000	0.000000	0.000000
848	38.365818	38.388712	38.411606	0.000000	0.000000	0.000000	0.000000
849	38.411606	38.434500	38.457394	0.000000	0.000000	0.000000	0.000000
850	38.457394	38.480288	38.503182	0.000000	0.000000	0.000000	0.000000
851	38.503182	38.526076	38.548970	0.000000	0.000000	0.000000	0.000000
852	38.548970	38.571864	38.594758	0.000000	0.000000	0.000000	0.000000
853	38.594758	38.617652	38.640546	0.000000	0.000000	0.000000	0.000000
854	38.640546	38.663441	38.686335	0.000000	0.000000	0.000000	0.000000
855	38.686335	38.709229	38.732123	0.000000	0.000000	0.000000	0.000000
856	38.732123	38.755017	38.777911	0.000000	0.000000	0.000000	0.000000
857	38.777911	38.800805	38.823699	0.000000	0.000000	0.000000	0.000000
858	38.823699	38.846593	38.869487	0.000000	0.000000	0.000000	0.000000
859	38.869487	38.892381	38.915275	0.000000	0.000000	0.000000	0.000000
860	38.915275	38.938169	38.961063	0.000000	0.000000	0.000000	0.000000
861	38.961063	38.983958	39.006852	0.000000	0.000000	0.000000	0.000000
862	39.006852	39.029746	39.052640	0.000000	0.000000	0.000000	0.000000
863	39.052640	39.075534	39.098428	0.000000	0.000000	0.000000	0.000000
864	39.098428	39.121322	39.144216	0.000000	0.000000	0.000000	0.000000
865	39.144216	39.167110	39.190004	0.000000	0.000000	0.000000	0.000000
866	39.190004	39.212898	39.235792	0.000000	0.000000	0.000000	0.000000
867	39.235792	39.258686	39.281580	0.000000	0.000000	0.000000	0.000000
868	39.281580	39.304475	39.327369	0.000000	0.000000	0.000000	0.000000
869	39.327369	39.350263	39.373157	0.000000	0.000000	0.000000	0.000000
870	39.373157	39.396051	39.418945	0.000000	0.000000	0.000000	0.000000
871	39.418945	39.441839	39.464733	0.000000	0.000000	0.000000	0.000000
872	39.464733	39.487627	39.510521	0.000000	0.000000	0.000000	0.000000
873	39.510521	39.533415	39.556309	0.000000	0.000000	0.000000	0.000000
874	39.556309	39.579203	39.602097	0.000000	0.000000	0.000000	0.000000
875	39.602097	39.624992	39.647886	0.000000	0.000000	0.000000	0.000000
876	39.647886	39.670780	39.693674	0.000000	0.000000	0.000000	0.000000
877	39.693674	39.716568	39.739462	0.000000	0.000000	0.000000	0.000000
878	39.739462	39.762356	39.785250	0.000000	0.000000	0.000000	0.000000
879	39.785250	39.808144	39.831038	0.000000	0.000000	0.000000	0.000000
880	39.831038	39.853932	39.876826	0.000000	0.000000	0.000000	0.000000
881	39.876826	39.899720	39.922614	1.000000	1.000000	0.000000	0.000000
882	39.922614	39.945509	39.968403	2.000000	1.414214	0.000000	0.000000
883	39.968403	39.991297	40.014191	0.000000	0.000000	0.000000	0.000000
884	40.014191	40.037085	40.059979	0.000000	0.000000	0.000000	0.000000
885	40.059979	40.082873	40.105767	0.000000	0.000000	0.000000	0.000000
886	40.105767	40.128661	40.151555	0.000000	0.000000	0.000000	0.000000
887	40.151555	40.174449	40.197343	0.000000	0.000000	0.000000	0.000000
888	40.197343	40.220237	40.243131	0.000000	0.000000	0.000000	0.000000
889	40.243131	40.266025	40.288920	0.000000	0.000000	0.000000	0.000000
890	40.288920	40.311814	40.334708	0.000000	0.000000	0.000000	0.000000
891	40.334708	40.357602	40.380496	0.000000	0.000000	0.000000	0.000000
892	40.380496	40.403390	40.426284	0.000000	0.000000	0.000000	0.000000
893	40.426284	40.449178	40.472072	0.000000	0.000000	0.000000	0.000000
894	40.472072	40.494966	40.517860	0.000000	0.000000	0.000000	0.000000
895	40.517860	40.540754	40.563648	1.000000	1.000000	0.000000	0.000000
896	40.563648	40.586542	40.609437	0.000000	0.000000	0.000000	0.000000
897	40.609437	40.632331	40.655225	0.000000	0.000000	0.000000	0.000000
898	40.655225	40.678119	40.701013	0.000000	0.000000	0.000000	0.000000
899	40.701013	40.723907	40.746801	0.000000	0.000000	0.000000	0.000000
900	40.746801	40.769695	40.792589	0.000000	0.000000	0.000000	0.000000
901	40.792589	40.815483	40.838377	0.000000	0.000000	0.000000	0.000000
902	40.838377	40.861271	40.884165	0.000000	0.000000	0.000000	0.000000
903	40.884165	40.907059	40.929954	0.000000	0.000000	0.000000	0.000000
904	40.929954	40.952848	40.975742	0.000000	0.000000	0.000000	0.000000
905	40.975742	40.998636	41.021530	0.000000	0.000000	0.000000	0.000000
906	41.021530	41.044424	41.067318	0.000000	0.000000	0.000000	0.000000
907	41.067318	41.090212	41.113106	0.000000	0.000000	0.000000	0.000000
908	41.113106	41.136000	41.158894	0.000000	0.000000	0.000000	0.000000
909	41.158894	41.181788	41.204682	0.000000	0.000000	0.000000	0.000000
910	41.204682	41.227576	41.250471	0.000000	0.000000	0.000000	0.000000
911	41.250471	41.273365	41.296259	0.000000	0.000000	0.000000	0.000000
912	41.296259	41.319153	41.342047	0.000000	0.000000	0.000000	0.000000
913	41.342047	41.364941	41.387835	0.000000	0.000000	0.000000	0.000000
914	41.387835	41.410729	41.433623	0.000000	0.000000	0.000000	0.000000
915	41.433623	41.456517	41.479411	0.000000	0.000000	0.000000	0.000000
916	41.479411	41.502305	41.525199	0.000000	0.000000	0.000000	0.000000
917	41.525199	41.548093	41.570988	0.000000	0.000000	0.000000	0.000000
918	41.570988	41.593882	41.616776	0.000000	0.000000	0.000000	0.000000
919	41.616776	41.639670	41.662564	0.000000	0.000000	0.000000	0.000000
920	41.662564	41.685458	41.708352	0.000000	0.000000	0.000000	0.000000
921	41.708352	41.731246	41.754140	0.000000	0.000000	0.000000	0.000000
922	41.754140	41.777034	41.799928	0.000000	0.000000	0.000000	0.000000
923	41.799928	41.822822	41.845716	0.000000	0.000000	0.000000	0.000000
924	41.845716	41.868610	41.891504	1.000000	1.000000	0.000000	0.000000
925	41.891504	41.914399	41.937293	0.000000	0.000000	0.000000	0.000000
926	41.937293	41.960187	41.983081	0.000000	0.000000	0.000000	0.000000
927	41.983081	42.005975	42.028869	0.000000	0.000000	0.000000	0.000000
928	42.028869	42.051763	42.074657	0.000000	0.000000	0.000000	0.000000
929	42.074657	42.097551	42.120445	0.000000	0.000000	0.000000	0.000000
930	42.120445	42.143339	42.166233	0.000000	0.000000	0.000000	0.000000
931	42.166233	42.189127	42.212021	1.000000	1.000000	0.000000	0.000000
932	42.212021	42.234916	42.257810	0.000000	0.000000	0.000000	0.000000
933	42.257810	42.280704	42.303598	0.000000	0.000000	0.000000	0.000000
934	42.303598	42.326492	42.349386	0.000000	0.000000	0.000000	0.000000
935	42.349386	42.372280	42.395174	0.000000	0.000000	0.000000	0.000000
936	42.395174	42.418068	42.440962	0.000000	0.000000	0.000000	0.000000
937	42.440962	42.463856	42.486750	0.000000	0.000000	0.000000	0.000000
938	42.486750	42.509644	42.532538	0.000000	0.000000	0.000000	0.000000
939	42.532538	42.555433	42.578327	0.000000	0.000000	0.000000	0.000000
940	42.578327	42.601221	42.624115	0.000000	0.000000	0.000000	0.000000
941	42.624115	42.647009	42.669903	0.000000	0.000000	0.000000	0.000000
942	42.669903	42.692797	42.715691	0.000000	0.000000	0.000000	0.000000
943	42.715691	42.738585	42.761479	0.000000	0.000000	0.000000	0.000000
944	42.761479	42.784373	42.807267	0.000000	0.000000	0.000000	0.000000
945	42.807267	42.830161	42.853055	0.000000	0.000000	0.000000	0.000000
946	42.853055	42.875950	42.898844	0.000000	0.000000	0.000000	0.000000
947	42.898844	42.921738	42.944632	0.000000	0.000000	0.000000	0.000000
948	42.944632	42.967526	42.990420	0.000000	0.000000	0.000000	0.000000
949	42.990420	43.013314	43.036208	0.000000	0.000000	0.000000	0.000000
950	43.036208	43.059102	43.081996	0.000000	0.000000	0.000000	0.000000
951	43.081996	43.104890	43.127784	0.000000	0.000000	0.000000	0.000000
952	43.127784	43.150678	43.173572	0.000000	0.000000	0.000000	0.000000
953	43.173572	43.196467	43.219361	0.000000	0.000000	0.000000	0.000000
954	43.219361	43.242255	43.265149	0.000000	0.000000	0.000000	0.000000
955	43.265149	43.288043	43.310937	0.000000	0.000000	0.000000	0.000000
956	43.310937	43.333831	43.356725	0.000000	0.000000	0.000000	0.000000
957	43.356725	43.379619	43.402513	0.000000	0.000000	0.000000	0.000000
958	43.402513	43.425407	43.448301	0.000000	0.000000	0.000000	0.000000
959	43.448301	43.471195	43.494089	0.000000	0.000000	0.000000	0.000000
960	43.494089	43.516983	43.539878	0.000000	0.000000	0.000000	0.000000
961	43.539878	43.562772	43.585666	0.000000	0.000000	0.000000	0.000000
962	43.585666	43.608560	43.631454	0.000000	0.000000	0.000000	0.000000
963	43.631454	43.654348	43.677242	0.000000	0.000000	0.000000	0.000000
964	43.677242	43.700136	43.723030	0.000000	0.000000	0.000000	0.000000
965	43.723030	43.745924	43.768818	0.000000	0.000000	0.000000	0.000000
966	43.768818	43.791712	43.814606	1.000000	1.000000	0.000000	0.000000
967	43.814606	43.837500	43.860395	0.000000	0.000000	0.000000	0.000000
968	43.860395	43.883289	43.906183	0.000000	0.000000	0.000000	0.000000
969	43.906183	43.929077	43.951971	0.000000	0.000000	0.000000	0.000000
970	43.951971	43.974865	43.997759	0.000000	0.000000	0.000000	0.000000
971	43.997759	44.020653	44.043547	0.000000	0.000000	0.000000	0.000000
972	44.043547	44.066441	44.089335	1.000000	1.000000	0.000000	0.000000
973	44.089335	44.112229	44.135123	0.000000	0.000000	0.000000	0.000000
974	44.135123	44.158017	44.180912	1.000000	1.000000	0.000000	0.000000
975	44.180912	44.203806	44.226700	0.000000	0.000000	0.000000	0.000000
976	44.226700	44.249594	44.272488	0.000000	0.000000	0.000000	0.000000
977	44.272488	44.295382	44.318276	0.000000	0.000000	0.000000	0.000000
978	44.318276	44.341170	44.364064	0.000000	0.000000	0.000000	0.000000
979	44.364064	44.386958	44.409852	0.000000	0.000000	0.000000	0.000000
980	44.409852	44.432746	44.455640	0.000000	0.000000	0.000000	0.000000
981	44.455640	44.478534	44.501429	0.000000	0.000000	0.000000	0.000000
982	44.501429	44.524323	44.547217	0.000000	0.000000	0.000000	0.000000
983	44.547217	44.570111	44.593005	0.000000	0.000000	0.000000	0.000000
984	44.593005	44.615899	44.638793	0.000000	0.000000	0.000000	0.000000
985	44.638793	44.661687	44.684581	0.000000	0.000000	0.000000	0.000000
986	44.684581	44.707475	44.730369	0.000000	0.000000	0.000000	0.000000
987	44.730369	44.753263	44.776157	0.000000	0.000000	0.000000	0.000000
988	44.776157	44.799051	44.821946	0.000000	0.000000	0.000000	0.000000
989	44.821946	44.844840	44.867734	0.000000	0.000000	0.000000	0.000000
990	44.867734	44.890628	44.913522	0.000000	0.000000	0.000000	0.000000
991	44.913522	44.936416	44.959310	1.000000	1.000000	0.000000	0.000000
992	44.959310	44.982204	45.005098	0.000000	0.000000	0.000000	0.000000
993	45.005098	45.027992	45.050886	0.000000	0.000000	0.000000	0.000000
994	45.050886	45.073780	45.096674	0.000000	0.000000	0.000000	0.000000
995	45.096674	45.119568	45.142462	1.000000	1.000000	0.000000	0.000000
996	45.142462	45.165357	45.188251	0.000000	0.000000	0.000000	0.000000
997	45.188251	45.211145	45.234039	0.000000	0.000000	0.000000	0.000000
998	45.234039	45.256933	45.279827	0.000000	0.000000	0.000000	0.000000
999	45.279827	45.302721	45.325615	0.000000	0.000000	0.000000	0.000000
1000	45.325615	45.348509	45.371403	1.000000	1.000000	0.000000	0.000000
1001	45.371403	45.394297	45.417191	0.000000	0.000000	0.000000	0.000000
1002	45.417191	45.440085	45.462979	0.000000	0.000000	0.000000	0.000000
1003	45.462979	45.485874	45.508768	0.000000	0.000000	0.000000	0.000000
1004	45.508768	45.531662	45.554556	0.000000	0.000000	0.000000	0.000000
1005	45.554556	45.577450	45.600344	1.000000	1.000000	0.000000	0.000000
1006	45.600344	45.623238	45.646132	0.000000	0.000000	0.000000	0.000000
1007	45.646132	45.669026	45.691920	0.000000	0.000000	0.000000	0.000000
1008	45.691920	45.714814	45.737708	0.000000	0.000000	0.000000	0.000000
1009	45.737708	45.760602	45.783496	0.000000	0.000000	0.000000	0.000000
1010	45.783496	45.806391	45.829285	0.000000	0.000000	0.000000	0.000000
1011	45.829285	45.852179	45.875073	0.000000	0.000000	0.000000	0.000000
1012	45.875073	45.897967	45.920861	0.000000	0.000000	0.000000	0.000000
1013	45.920861	45.943755	45.966649	1.000000	1.000000	0.000000	0.000000
1014	45.966649	45.989543	46.012437	0.000000	0.000000	0.000000	0.000000
1015	46.012437	46.035331	46.058225	0.000000	0.000000	0.000000	0.000000
1016	46.058225	46.081119	46.104013	1.000000	1.000000	0.000000	0.000000
1017	46.104013	46.126908	46.149802	0.000000	0.000000	0.000000	0.000000
1018	46.149802	46.172696	46.195590	0.000000	0.000000	0.000000	0.000000
1019	46.195590	46.218484	46.241378	0.000000	0.000000	0.000000	0.000000
1020	46.241378	46.264272	46.287166	0.000000	0.000000	0.000000	0.000000
1021	46.287166	46.310060	46.332954	0.000000	0.000000	0.000000	0.000000
1022	46.332954	46.355848	46.378742	1.000000	1.000000	0.000000	0.000000
1023	46.378742	46.401636	46.424530	1.000000	1.000000	0.000000	0.000000
1024	46.424530	46.447425	46.470319	0.000000	0.000000	0.000000	0.000000
